# ring sectors hostile | danger p50 max | power p99 max | window/bare-pool max | volley/bare-pool max | max-hit max | speed/460 p50 p90 max
0 1 0 | -0.00 -0.00 | 0.00 0.00 | 0.00 | 0.00 | 0.0 | 0.00 0.00 0.00
1 8 31 | 0.61 0.82 | 0.35 0.35 | 0.00 | 0.00 | 46.0 | 0.08 0.08 0.08
2 8 132 | 0.68 1.03 | 0.47 0.47 | 0.34 | 0.17 | 59.8 | 0.36 0.38 0.40
3 8 97 | 0.78 1.23 | 0.57 0.57 | 0.40 | 0.20 | 70.5 | 0.36 0.39 0.56
4 8 155 | 1.35 1.73 | 0.61 0.67 | 0.45 | 0.77 | 80.7 | 0.36 0.40 0.64
5 8 147 | 1.47 2.22 | 0.77 1.17 | 1.47 | 0.87 | 90.9 | 0.36 0.48 0.60
6 8 165 | 1.46 2.04 | 0.74 0.85 | 1.69 | 0.85 | 101.1 | 0.36 0.50 0.60
8 8 113 | 1.38 2.21 | 0.80 0.82 | 1.86 | 1.14 | 97.6 | 0.39 0.55 0.60
10 8 100 | 1.37 4.36 | 0.78 0.79 | 2.63 | 1.32 | 79.0 | 0.50 0.56 0.60
14 8 107 | 2.63 4.25 | 1.08 1.08 | 2.82 | 1.65 | 106.0 | 0.51 0.56 0.64
20 8 53 | 2.94 6.49 | 2.17 3.38 | 3.32 | 2.12 | 243.6 | 0.24 0.58 0.88
30 8 87 | 3.58 4.68 | 1.58 1.65 | 4.79 | 2.85 | 211.1 | 0.25 0.49 0.61
50 8 129 | 9.44 13.72 | 3.59 3.60 | 3.40 | 4.18 | 315.2 | 0.37 0.47 0.67
80 8 115 | 7.62 24.82 | 7.23 7.23 | 11.96 | 6.01 | 700.1 | 0.34 0.49 0.65
